$ANSIBLE_VAULT;1.1;AES256
34316631643330646134653932653465666366396266623366386330373231393839653033313162
6462623766363136666132646230616365643762656365310a343739633033613937326331376266
63383832623636363164656330633964303730313033313466333832353333383831353362356466
3336363261623733320a393832383836623438303937663865383433363162306262366362383066
31636464653630373039616138663566336664333564633461313464633834386136393263323135
38626637366638303730653937363536633463303261306632616364376538633131666363663232
33336666656335613533623066303435643735616130633232653861653364366631383662376434
38376361376334636265613961303234383936313431353836326334623039623434383862663738
39343139313633346339356635356564616163326539343932636638626634666164323566383434
32376431626236313833633130373631333566373037376230613737303662653139663239666162
38636266353631656564633331376462613562626431663732616465303135363637323163303262
30613734336462643130333265376163633465613438383630396262613233383638353630323761
33393938366132633866363162363562653034386433336533353032303166613165666437363261
3163376631623538323431313437313039333837653764393866
